shape_id,shape_pt_lat,shape_pt_lon,shape_pt_sequence,shape_dist_traveled
6__27____1__IT_1,40.405293872084,-3.702411927806,1000001,0
6__27____1__IT_1,40.4052952723019,-3.70242746433027,1000002,0.001327507145
6__27____1__IT_1,40.4053024583302,-3.70251874165614,1000003,0.01044146392
6__27____1__IT_1,40.4053057305063,-3.70260902136475,1000004,0.027224855492
6__27____1__IT_1,40.4053080212761,-3.7026913372058,1000005,0.050997916003
6__27____1__IT_1,40.4052937382712,-3.70280948018252,1000006,0.084920781377
6__27____1__IT_1,40.4052569175276,-3.70291556244911,1000007,0.128729869298
6__27____1__IT_1,40.4052249758409,-3.70296254789984,1000008,0.177874481415
6__27____1__IT_1,40.4051250608514,-3.70303248669797,1000009,0.239597988345
6__27____1__IT_1,40.4050299908664,-3.70304924090328,1000010,0.311969872866
6__27____1__IT_1,40.4049822671054,-3.70306584542285,1000011,0.38982341265
6__27____1__IT_1,40.4049509184425,-3.70305603946885,1000012,0.471254849449
6__27____1__IT_1,40.404862863742,-3.70302850358406,1000013,0.562736022175
6__27____1__IT_1,40.4048452888227,-3.70298954140352,1000014,0.658056071399
6__27____1__IT_1,40.4048682136618,-3.70290175272216,1000015,0.761248264131
6__27____1__IT_1,40.405030584341,-3.70228745269519,1000016,0.919596109685
6__27____1__IT_1,40.4051056988004,-3.70205015787391,1000017,1.099738070504
6__27____1__IT_1,40.4052576805902,-3.70157003059846,1000018,1.32397679371
6__27____1__IT_1,40.4053122307531,-3.70138866900431,1000019,1.564753640561
6__27____1__IT_1,40.4059879854938,-3.69888613455038,1000020,2.030744663103
6__27____1__IT_1,40.4059879854938,-3.69888613455038,2000001,2.030744663103
6__27____1__IT_1,40.4062034469767,-3.69808815601793,2000002,2.102557294311
6__27____1__IT_1,40.4062485793331,-3.69791614463515,2000003,2.189801847966
6__27____1__IT_1,40.405114629455,-3.69715574033538,2000004,2.418492967254
6__27____1__IT_1,40.4043365632458,-3.69667165777684,2000005,2.742822694259
6__27____1__IT_1,40.4043365632458,-3.69667165777684,3000001,2.742822694259
6__27____1__IT_1,40.4042435133229,-3.69658086071144,3000002,2.755708681023
6__27____1__IT_1,40.404208480863,-3.69648721132421,3000003,2.777441985881
6__27____1__IT_1,40.404209275896,-3.69635506509478,3000004,2.810389290739
6__27____1__IT_1,40.4042638818481,-3.69615350469846,3000005,2.861482864186
6__27____1__IT_1,40.4041348053289,-3.69393662611517,3000006,3.101240954183
6__27____1__IT_1,40.4041348053289,-3.69393662611517,4000001,3.101240954183
6__27____1__IT_1,40.4041075124074,-3.69348539159065,4000002,3.139651473612
6__27____1__IT_1,40.405072975908,-3.69336177590005,4000003,3.285743222318
6__27____1__IT_1,40.4058364538447,-3.69329230160546,4000004,3.516787920992
6__27____1__IT_1,40.4063624756848,-3.69323162910089,4000005,3.806449030115
6__27____1__IT_1,40.4063624756848,-3.69323162910089,5000001,3.806449030115
6__27____1__IT_1,40.4066900924436,-3.69319384005383,5000002,3.842956492871
6__27____1__IT_1,40.4067057949209,-3.69319178906984,5000003,3.881215641058
6__27____1__IT_1,40.4068034043617,-3.6931790383143,5000004,3.930363595277
6__27____1__IT_1,40.4070943914891,-3.69316673816239,5000005,4.011828786483
6__27____1__IT_1,40.4071398375029,-3.69316481670601,5000006,4.098341245563
6__27____1__IT_1,40.4073549387154,-3.69314994184574,5000007,4.208763875341
6__27____1__IT_1,40.4074246240498,-3.69311623651013,5000008,4.327433571453
6__27____1__IT_1,40.4075617656921,-3.69304990352104,5000009,4.462333611588
6__27____1__IT_1,40.4076128680235,-3.69300958199066,5000010,4.603858109429
6__27____1__IT_1,40.4076756085692,-3.69296349415005,5000011,4.753369861697
6__27____1__IT_1,40.4077785262457,-3.69287525531809,5000012,4.916540745742
6__27____1__IT_1,40.4078667585132,-3.69279643421143,5000013,5.091571454605
6__27____1__IT_1,40.4079600180793,-3.69269215017388,5000014,5.280220801134
6__27____1__IT_1,40.4080508789624,-3.69258146180071,5000015,5.482651946625
6__27____1__IT_1,40.4081172126171,-3.69249603725284,5000016,5.695415477824
6__27____1__IT_1,40.408195979365,-3.69236928221609,5000017,5.922040008234
6__27____1__IT_1,40.4082601015934,-3.69224556245208,5000018,6.161347980514
6__27____1__IT_1,40.4083068953292,-3.69214251700016,5000019,6.410826114452
6__27____1__IT_1,40.408342646731,-3.69205163642649,5000020,6.668976945392
6__27____1__IT_1,40.4083674483176,-3.69198456227912,5000021,6.933450079268
6__27____1__IT_1,40.4083839871949,-3.69191319957397,5000022,7.204250709079
6__27____1__IT_1,40.4084039498096,-3.6918273262232,5000023,7.482667404221
6__27____1__IT_1,40.4084294753349,-3.69177414856741,5000024,7.76641220226
6__27____1__IT_1,40.4084561125141,-3.6917367889842,5000025,8.054491965723
6__27____1__IT_1,40.4084968648261,-3.69168908005486,5000026,8.348642251363
6__27____1__IT_1,40.4085326229044,-3.69165576074792,5000027,8.6476657409
6__27____1__IT_1,40.408565845218,-3.69163685036846,5000028,8.950710965831
6__27____1__IT_1,40.4086113280998,-3.69161806665895,5000029,9.259050524724
6__27____1__IT_1,40.4086579506899,-3.6916137307105,5000030,9.572578382317
6__27____1__IT_1,40.4086923117935,-3.69160927041708,5000031,9.889939149001
6__27____1__IT_1,40.4087323573372,-3.69160756720308,5000032,10.211747431361
6__27____1__IT_1,40.4087810888288,-3.69162599308759,5000033,10.539186461734
6__27____1__IT_1,40.4088192597828,-3.69165016124801,5000034,10.871332754075
6__27____1__IT_1,40.4088485892109,-3.69167373213831,5000035,11.207299962497
6__27____1__IT_1,40.4088975283391,-3.69171136013541,5000036,11.549568344768
6__27____1__IT_1,40.4091079046875,-3.6918364169358,5000037,11.917486922346
6__27____1__IT_1,40.4092833048123,-3.69195970319013,5000038,12.307507772893
6__27____1__IT_1,40.4096329634552,-3.69208824610705,5000039,12.737845112809
6__27____1__IT_1,40.4099866419321,-3.69221826707628,5000040,13.208962432193
6__27____1__IT_1,40.4099866419321,-3.69221826707628,6000001,13.208962432193
6__27____1__IT_1,40.410008152925,-3.69222442516168,6000002,13.211406715664
6__27____1__IT_1,40.4117931863852,-3.69266126507656,6000003,13.415431802079
6__27____1__IT_1,40.4128656634307,-3.69290231961497,6000004,13.740249089265
6__27____1__IT_1,40.4128656634307,-3.69290231961497,7000001,13.740249089265
6__27____1__IT_1,40.4147816136412,-3.69335705856839,7000002,13.956396543241
6__27____1__IT_1,40.4149896721197,-3.69339327773519,7000003,14.195842644629
6__27____1__IT_1,40.415477533751,-3.69344088555457,7000004,14.489593249829
6__27____1__IT_1,40.415477533751,-3.69344088555457,8000001,14.489593249829
6__27____1__IT_1,40.4156854388506,-3.69350266696562,8000002,14.513259126159
6__27____1__IT_1,40.4159130213411,-3.69353908875586,8000003,14.562375625054
6__27____1__IT_1,40.4169142262556,-3.69339611727446,8000004,14.723288843288
6__27____1__IT_1,40.4185647436305,-3.6930515691374,8000005,15.069731739116
6__27____1__IT_1,40.4185647436163,-3.6930515714947,9000001,15.069731739116
6__27____1__IT_1,40.4185647436305,-3.6930515691374,9000002,15.069731939116
6__27____1__IT_1,40.41857529746,-3.69304845715308,9000003,15.070933028204
6__27____1__IT_1,40.4185856324572,-3.69304427853075,9000004,15.073334860231
6__27____1__IT_1,40.4185956889893,-3.69303906212625,9000005,15.076937523442
6__27____1__IT_1,40.4186054038201,-3.6930328367585,9000006,15.08174095524
6__27____1__IT_1,40.4186206625944,-3.6930254459357,9000007,15.088350495985
6__27____1__IT_1,40.4186361020222,-3.69301872766013,9000008,15.096766154681
6__27____1__IT_1,40.4186517040443,-3.69301268881925,9000009,15.106987876402
6__27____1__IT_1,40.4186854881034,-3.69299853592752,9000010,15.121147266769
6__27____1__IT_1,40.4187190548578,-3.69298351206779,9000011,15.13924465247
6__27____1__IT_1,40.4187523862053,-3.69296763119798,9000012,15.161279600658
6__27____1__IT_1,40.418785474038,-3.69295089323377,9000013,15.187252357373
6__27____1__IT_1,40.4188183038783,-3.69293330863413,9000014,15.217162873086
6__27____1__IT_1,40.418850861284,-3.69291488196478,9000015,15.251010991256
6__27____1__IT_1,40.4188831381048,-3.69289562021348,9000016,15.288797014307
6__27____1__IT_1,40.4189151180755,-3.69287553146356,9000017,15.330520840726
6__27____1__IT_1,40.4189467894351,-3.69285462384457,9000018,15.376182418313
6__27____1__IT_1,40.4189781404229,-3.69283290548614,9000019,15.425781741737
6__27____1__IT_1,40.4190091592849,-3.69281038333929,9000020,15.479318900976
6__27____1__IT_1,40.4190398315294,-3.69278707022064,9000021,15.536793574541
6__27____1__IT_1,40.4190701499349,-3.6927629684129,9000022,15.598206174679
6__27____1__IT_1,40.4191167194006,-3.69272208421044,9000023,15.665843985256
6__27____1__IT_1,40.419116723926,-3.69272208072065,9000024,15.733482378927
6__27____1__IT_1,40.4191461131878,-3.69269051027335,9000025,15.805341726596
6__27____1__IT_1,40.4191612548399,-3.6926742445735,9000026,15.879375768179
6__27____1__IT_1,40.4191803126699,-3.6926516715243,9000027,15.95626336171
6__27____1__IT_1,40.4191804478709,-3.692651510245,9000028,16.033171264106
6__27____1__IT_1,40.4192602022647,-3.69255706009253,9000029,16.122020033258
6__27____1__IT_1,40.419261249354,-3.69255521549343,9000030,16.211063737681
6__27____1__IT_1,40.4192609953272,-3.6925556619884,9000031,16.300154665192
6__27____1__IT_1,40.419352819998,-3.69252783643095,9000032,16.399708207877
6__27____1__IT_1,40.419378639943,-3.6925200103102,9000033,16.502203743356
6__27____1__IT_1,40.4195415141747,-3.69247116652118,9000034,16.623247616102
6__27____1__IT_1,40.4196135311859,-3.69244956770878,9000035,16.752492918313
6__27____1__IT_1,40.4199722569194,-3.69234198928124,9000036,16.922590409472
6__27____1__IT_1,40.4199722569194,-3.69234198928124,10000001,16.922590409472
6__27____1__IT_1,40.4201914429862,-3.69224529742784,10000002,16.948266383189
6__27____1__IT_1,40.420902894448,-3.69193145355055,10000003,17.0572832397
6__27____1__IT_1,40.421413933858,-3.6917023334177,10000004,17.226264839342
6__27____1__IT_1,40.421736094477,-3.69153756353634,10000005,17.433642162737
6__27____1__IT_1,40.4226571058588,-3.69112681114808,10000006,17.749030004185
6__27____1__IT_1,40.4231421791837,-3.69093905015234,10000007,18.120569095302
6__27____1__IT_1,40.4236985993604,-3.69072367286318,10000008,18.556518376739
6__27____1__IT_1,40.4236985993604,-3.69072367286318,11000001,18.556518376739
6__27____1__IT_1,40.4245015655939,-3.69034796127789,11000002,18.65117740055
6__27____1__IT_1,40.4247356232389,-3.69024577503743,11000003,18.773225556816
6__27____1__IT_1,40.4248495739165,-3.6902036895184,11000004,18.908416786223
6__27____1__IT_1,40.4249357753439,-3.69016334901062,11000005,19.053770187681
6__27____1__IT_1,40.4249781641187,-3.6901474411998,11000006,19.20401856816
6__27____1__IT_1,40.4250543211289,-3.69011226966469,11000007,19.363231693262
6__27____1__IT_1,40.4251097982716,-3.69008065663947,11000008,19.529161556936
6__27____1__IT_1,40.425195968522,-3.69005338062901,11000009,19.704932473526
6__27____1__IT_1,40.425362118994,-3.69000681195452,11000010,19.899564951307
6__27____1__IT_1,40.4256054130156,-3.68997124255162,11000011,20.121371858232
6__27____1__IT_1,40.4257939588324,-3.68997648064523,11000012,20.364112649861
6__27____1__IT_1,40.4258747535142,-3.68995491509008,11000013,20.616006585517
6__27____1__IT_1,40.4259800195328,-3.68992880276775,11000014,20.879793484449
6__27____1__IT_1,40.4259800195328,-3.68992880276775,12000001,20.879793484449
6__27____1__IT_1,40.4261526082144,-3.68988578612461,12000002,20.899295801015
6__27____1__IT_1,40.4263107600807,-3.68980423798417,12000003,20.937667282423
6__27____1__IT_1,40.4266883965856,-3.68969529597064,12000004,21.018964207258
6__27____1__IT_1,40.4280850569651,-3.68934873563923,12000005,21.258057494578
6__27____1__IT_1,40.4286499464735,-3.68921078442274,12000006,21.560937872522
6__27____1__IT_1,40.428983952236,-3.68915341780745,12000007,21.9012119245
6__27____1__IT_1,40.4291431448865,-3.68910226289729,12000008,22.259681845823
6__27____1__IT_1,40.4291431448865,-3.68910226289729,13000001,22.259681845823
6__27____1__IT_1,40.429292805548,-3.68905737424854,13000002,22.276725441881
6__27____1__IT_1,40.4294352214381,-3.68899686389987,13000003,22.31039006419
6__27____1__IT_1,40.4305886460956,-3.68868889472184,13000004,22.474726379958
6__27____1__IT_1,40.431344821034,-3.68849277067367,13000005,22.724633226725
6__27____1__IT_1,40.4319128332753,-3.68834457971883,13000006,23.03883203172
6__27____1__IT_1,40.4323661916577,-3.68822473648586,13000007,23.40437150056
6__27____1__IT_1,40.4326286799216,-3.68815610123869,13000008,23.799623933012
6__27____1__IT_1,40.4329364985089,-3.68807783312454,13000009,24.229684188466
6__27____1__IT_1,40.4330603694023,-3.68810137144394,13000010,24.673638707607
6__27____1__IT_1,40.4331551222785,-3.68811506326299,13000011,25.128175023002
6__27____1__IT_1,40.4331551222785,-3.68811506326299,14000001,25.128175023002
6__27____1__IT_1,40.4333277562092,-3.68811682072302,14000002,25.147338523003
6__27____1__IT_1,40.4335711553637,-3.68815092245369,14000003,25.193674507395
6__27____1__IT_1,40.433860253912,-3.68819027825468,14000004,25.272274518109
6__27____1__IT_1,40.4341510925865,-3.68824906910522,14000005,25.383541414878
6__27____1__IT_1,40.4344159949887,-3.68830274204034,14000006,25.52456366362
6__27____1__IT_1,40.4345809235734,-3.68832626967599,14000007,25.684001962676
6__27____1__IT_1,40.4346810274119,-3.68833457205217,14000008,25.854574403763
6__27____1__IT_1,40.4347756407695,-3.68833068290373,14000009,26.035654413416
6__27____1__IT_1,40.4348574445295,-3.68829753561641,14000010,26.226240204243
6__27____1__IT_1,40.4349542008338,-3.68824512235474,14000011,26.428449983229
6__27____1__IT_1,40.4350359910183,-3.68821440233363,14000012,26.640105247498
6__27____1__IT_1,40.4351507474734,-3.68820009779251,14000013,26.864556502097
6__27____1__IT_1,40.4352224307484,-3.68819520238911,14000014,27.096975659355
6__27____1__IT_1,40.4352984240314,-3.68818847509923,14000015,27.337849594335
6__27____1__IT_1,40.4353643184899,-3.68819289858935,14000016,27.586047644763
6__27____1__IT_1,40.4354443426707,-3.68823122393239,14000017,27.843704752753
6__27____1__IT_1,40.4355024458081,-3.68826596562063,14000018,28.108452777094
6__27____1__IT_1,40.4355448842285,-3.68831036182786,14000019,28.379231684409
6__27____1__IT_1,40.4355693665753,-3.68835055213677,14000020,28.654370169522
6__27____1__IT_1,40.4355882644947,-3.68843290523349,14000021,28.936801906767
6__27____1__IT_1,40.4356403862708,-3.68852017308339,14000022,29.22862845906
6__27____1__IT_1,40.4356403862708,-3.68852017308339,15000001,29.22862845906
6__27____1__IT_1,40.4356900218261,-3.68861676185052,15000002,29.238501345065
6__27____1__IT_1,40.4357265671752,-3.68869067064679,15000003,29.255841123205
6__27____1__IT_1,40.4357595171165,-3.68877105814374,15000004,29.280918292411
6__27____1__IT_1,40.4358868534157,-3.68888685084092,15000005,29.323207356209
6__27____1__IT_1,40.4361516649055,-3.68908782249321,15000006,29.399476242129
6__27____1__IT_1,40.4371348248887,-3.68976825983223,15000007,29.5991995168
6__27____1__IT_1,40.4377396146669,-3.69017969995438,15000008,29.874584620957
6__27____1__IT_1,40.4378803088027,-3.69024437198198,15000009,30.166522496394
6__27____1__IT_1,40.438008441495,-3.69030891580293,15000010,30.473700655924
6__27____1__IT_1,40.4381493527145,-3.69037101549727,15000011,30.797383403982
6__27____1__IT_1,40.4382281217889,-3.69040290155508,15000012,31.130218471759
6__27____1__IT_1,40.4382281217889,-3.69040290155508,16000001,31.130218471759
6__27____1__IT_1,40.4382963900195,-3.69043206036477,16000002,31.138189817871
6__27____1__IT_1,40.4384742795294,-3.69049808675488,16000003,31.166686216492
6__27____1__IT_1,40.4386736400523,-3.69057529391324,16000004,31.218260812012
6__27____1__IT_1,40.439139353781,-3.6907319622858,16000005,31.32321159538
6__27____1__IT_1,40.4399787454353,-3.69102870239647,16000006,31.524676844121
6__27____1__IT_1,40.4405650196554,-3.69123359356067,16000007,31.793500633847
6__27____1__IT_1,40.4409256483589,-3.69135474177046,16000008,32.103653029278
6__27____1__IT_1,40.4411300357325,-3.6914000846822,16000009,32.436816728949
6__27____1__IT_1,40.4411300357325,-3.6914000846822,17000001,32.436816728949
6__27____1__IT_1,40.4413288305782,-3.69138678573075,17000002,32.458912440186
6__27____1__IT_1,40.4415363036999,-3.69136130088702,17000003,32.504139577002
6__27____1__IT_1,40.4419213240344,-3.69132716174211,17000004,32.592203248006
6__27____1__IT_1,40.4422161528761,-3.69129114554709,17000005,32.713136166289
6__27____1__IT_1,40.4428814077504,-3.69122845554133,17000006,32.908105805552
6__27____1__IT_1,40.4433506974873,-3.69121326893934,17000007,33.155184139258
6__27____1__IT_1,40.443528994412,-3.69120081329793,17000008,33.422082216269
6__27____1__IT_1,40.4436636822345,-3.69118219783873,17000009,33.704014229641
6__27____1__IT_1,40.4436636822345,-3.69118219783873,18000001,33.704014229641
6__27____1__IT_1,40.4451410616304,-3.69102004224862,18000002,33.868584044703
6__27____1__IT_1,40.4458973002169,-3.69096164444345,18000003,34.117244939299
6__27____1__IT_1,40.4460172257286,-3.69097665160438,18000004,34.379278682625
6__27____1__IT_1,40.4461477123474,-3.6909862565338,18000005,34.655819781796
6__27____1__IT_1,40.4462842997347,-3.69103175080307,18000006,34.948005744222
6__27____1__IT_1,40.4464478535262,-3.69105693709182,18000007,35.258471962332
6__27____1__IT_1,40.4465321807237,-3.69105779961875,18000008,35.578299080444
6__27____1__IT_1,40.4467071513371,-3.69104128789203,18000009,35.917598961109
6__27____1__IT_1,40.4467071513371,-3.69104128789203,19000001,35.917598961109
6__27____1__IT_1,40.4473759703403,-3.69097816258623,19000002,35.992032972182
6__27____1__IT_1,40.4482217798824,-3.69090541232502,19000003,36.1605573054
6__27____1__IT_1,40.4487489413734,-3.69087451224653,19000004,36.387657070583
6__27____1__IT_1,40.4492182402164,-3.69083616062633,19000005,36.666952094807
6__27____1__IT_1,40.4492182402164,-3.69083616062633,20000001,36.666952094807
6__27____1__IT_1,40.4511489258881,-3.69065985368579,20000002,36.881785958672
6__27____1__IT_1,40.4511560621638,-3.69065905760583,20000003,37.097414845965
6__27____1__IT_1,40.4511560621638,-3.69065905760583,21000001,37.097414845965
6__27____1__IT_1,40.4523150260669,-3.69052993615074,21000002,37.22652910845
6__27____1__IT_1,40.4532517812282,-3.69043336666586,21000003,37.459948518741
6__27____1__IT_1,40.4532517812282,-3.69043336666586,22000001,37.459948518741
6__27____1__IT_1,40.4541635153497,-3.69033938673727,22000002,37.561467580321
6__27____1__IT_1,40.4543290498449,-3.69031016652921,22000003,37.681527872676
6__27____1__IT_1,40.4544970132173,-3.69029330592031,22000004,37.820287446327
6__27____1__IT_1,40.4544970132173,-3.69029330592031,23000001,37.820287446327
6__27____1__IT_1,40.454773392668,-3.69026556299821,23000002,37.851056632811
6__27____1__IT_1,40.4556697818685,-3.69017558161562,23000003,37.981620399302
6__27____1__IT_1,40.4556697818685,-3.69017558161562,24000001,37.981620399302
6__27____1__IT_1,40.455912725972,-3.69015119421466,24000002,38.00866725214
6__27____1__IT_1,40.4570394150093,-3.69003906071205,24000003,38.161141632067
6__27____1__IT_1,40.457693370537,-3.6899736163083,24000004,38.386419277781
6__27____1__IT_1,40.4586546469286,-3.68987009113579,24000005,38.718762608965
6__27____1__IT_1,40.4598318296096,-3.68976052596901,24000006,39.182107415539
6__27____1__IT_1,40.4598318296096,-3.68976052596901,25000001,39.182107415539
6__27____1__IT_1,40.4617886812354,-3.68955509273514,25000002,39.40002252538
6__27____1__IT_1,40.4617886812354,-3.68955509273514,26000001,39.40002252538
6__27____1__IT_1,40.4628922565304,-3.68945526863315,26000002,39.522815583544
6__27____1__IT_1,40.4635218821874,-3.68939831222194,26000003,39.715666107593
6__27____1__IT_1,40.4647286137883,-3.68928346324403,26000004,40.042821884096
6__27____1__IT_1,40.4648287262265,-3.68926952659991,26000005,40.381153163083
6__27____1__IT_1,40.4651640557363,-3.68919757233805,26000006,40.7572038805
6__27____1__IT_1,40.4651640557363,-3.68919757233805,27000001,40.7572038805
6__27____1__IT_1,40.4653895749256,-3.68914071146345,27000002,40.782697316519
6__27____1__IT_1,40.4653989422253,-3.68913712348113,27000003,40.809274140765
6__27____1__IT_1,40.4654159061377,-3.68913062298948,27000004,40.837813015807
6__27____1__IT_1,40.4654278322937,-3.68912562328976,27000005,40.867741944765
6__27____1__IT_1,40.465442038005,-3.68911966904189,27000006,40.89932659315
6__27____1__IT_1,40.4654679453039,-3.68910784936198,27000007,40.933956639811
6__27____1__IT_1,40.4654936189411,-3.6890951780105,27000008,40.971632317148
6__27____1__IT_1,40.4655160403925,-3.68908325309386,27000009,41.01199436545
6__27____1__IT_1,40.465519038176,-3.6890816583133,27000010,41.052715598566
6__27____1__IT_1,40.4655441911989,-3.68906730666253,27000011,41.096482515266
6__27____1__IT_1,40.4655690563823,-3.68905212401597,27000012,41.14329495256
6__27____1__IT_1,40.4655936210367,-3.68903612321824,27000013,41.19315296567
6__27____1__IT_1,40.4656178679754,-3.68901931588855,27000014,41.246056407306
6__27____1__IT_1,40.4656218964544,-3.6890163492026,27000015,41.299472906483
6__27____1__IT_1,40.4656247218394,-3.68901012409948,27000016,41.353503329343
6__27____1__IT_1,40.4656347644839,-3.68898981460326,27000017,41.409584969389
6__27____1__IT_1,40.4656453994882,-3.68897003015622,27000018,41.4677177323
6__27____1__IT_1,40.4656566068934,-3.68895079414515,27000019,41.527901675345
6__27____1__IT_1,40.4656683738982,-3.68893213828693,27000020,41.590136897424
6__27____1__IT_1,40.4656806814095,-3.68891409187509,27000021,41.654423291364
6__27____1__IT_1,40.4656935094473,-3.68889668183508,27000022,41.720760621717
6__27____1__IT_1,40.465706842571,-3.68887992924105,27000023,41.789149224468
6__27____1__IT_1,40.4657206581053,-3.6888638598115,27000024,41.859589149939
6__27____1__IT_1,40.4657349378577,-3.68884850284942,27000025,41.93208034197
6__27____1__IT_1,40.4657496591882,-3.68883387817609,27000026,42.006622797543
6__27____1__IT_1,40.4657647967326,-3.68882000912361,27000027,42.08321612084
6__27____1__IT_1,40.4657803341779,-3.68880691203933,27000028,42.161860683382
6__27____1__IT_1,40.4657962443653,-3.68879460905763,27000029,42.242556352613
6__27____1__IT_1,40.4658125082791,-3.68878311649835,27000030,42.325303523695
6__27____1__IT_1,40.4658290960511,-3.68877245764787,27000031,42.41010179537
6__27____1__IT_1,40.4658459833096,-3.68876264051459,27000032,42.496951082309
6__27____1__IT_1,40.465863149216,-3.68875368493854,27000033,42.585851547216
6__27____1__IT_1,40.4658805666889,-3.68874560008008,27000034,42.676803324934
6__27____1__IT_1,40.4658982085979,-3.68873840335599,27000035,42.769806269981
6__27____1__IT_1,40.4659160487695,-3.68873210275644,27000036,42.864860319942
6__27____1__IT_1,40.4659229150635,-3.68873004379715,27000037,42.960696288627
6__27____1__IT_1,40.4659340628318,-3.68872670629001,27000038,43.057801640549
6__27____1__IT_1,40.4659522219229,-3.68872221956035,27000039,43.156958298517
6__27____1__IT_1,40.4659704980396,-3.68871865525724,27000040,43.258166057577
6__27____1__IT_1,40.4659888668379,-3.68871601667143,27000041,43.361425058213
6__27____1__IT_1,40.466007299463,-3.68871430822715,27000042,43.466735271332
6__27____1__IT_1,40.4660257688826,-3.68871353082859,27000043,43.574096720119
6__27____1__IT_1,40.4660442462626,-3.68871368536152,27000044,43.683509270957
6__27____1__IT_1,40.4660627063655,-3.68871477392807,27000045,43.794973041366
6__27____1__IT_1,40.4660811660951,-3.68871668110491,27000046,43.908492282179
6__27____1__IT_1,40.4660995553767,-3.68871952531239,27000047,44.024066996817
6__27____1__IT_1,40.4661178481421,-3.68872329684847,27000048,44.141697299988
6__27____1__IT_1,40.4661360147124,-3.68872798715383,27000049,44.261382994062
6__27____1__IT_1,40.466154029857,-3.68873359715101,27000050,44.383124220077
6__27____1__IT_1,40.4661634148027,-3.68873702409493,27000051,44.505946966209
6__27____1__IT_1,40.4661651704226,-3.68873766719536,27000052,44.628972076097
6__27____1__IT_1,40.4661718675427,-3.68874011124048,27000053,44.752768928791
6__27____1__IT_1,40.4661894971547,-3.68874752675107,27000054,44.878621242212
6__27____1__IT_1,40.4662068944686,-3.6887558269221,27000055,45.006528936261
6__27____1__IT_1,40.4662240361255,-3.68876500089949,27000056,45.136492240644
6__27____1__IT_1,40.4662408924817,-3.68877503422623,27000057,45.268510941167
6__27____1__IT_1,40.4662574401714,-3.68878591722766,27000058,45.402585206063
6__27____1__IT_1,40.4662736559269,-3.68879762371618,27000059,45.53871496259
6__27____1__IT_1,40.4662895127722,-3.68881014515968,27000060,45.676900229614
6__27____1__IT_1,40.4663049874114,-3.68882346008842,27000061,45.817140957514
6__27____1__IT_1,40.4663200583576,-3.68883754587151,27000062,45.959437115794
6__27____1__IT_1,40.466334703181,-3.68885238694572,27000063,46.103788949975
6__27____1__IT_1,40.466425578524,-3.68886719179998,27000064,46.258306084249
6__27____1__IT_1,40.466537000199,-3.68902383950583,27000065,46.430971100526
6__27____1__IT_1,40.4665778798078,-3.68916715945347,27000066,46.616606407289
6__27____1__IT_1,40.4666139552876,-3.6893390915921,27000067,46.817358094584
6__27____2__IT_1,40.4666139552876,-3.6893390915921,1000001,0
6__27____2__IT_1,40.4666049902642,-3.68946585061513,1000002,0.010792534523
6__27____2__IT_1,40.4665928795409,-3.68951976038615,1000003,0.026349118018
6__27____2__IT_1,40.4664871370074,-3.68962466764648,1000004,0.056632535427
6__27____2__IT_1,40.4664128211111,-3.68977519368909,1000005,0.10211163432
6__27____2__IT_1,40.4663577810813,-3.68985424757115,1000006,0.156659741455
6__27____2__IT_1,40.4663190581924,-3.68989373237623,1000007,0.216655967477
6__27____2__IT_1,40.4661753416899,-3.68994037018686,1000008,0.293087968293
6__27____2__IT_1,40.4660847797407,-3.68996469782076,1000009,0.379782093584
6__27____2__IT_1,40.4660471210761,-3.68996610066064,1000010,0.470658167606
6__27____2__IT_1,40.4660229998257,-3.68996333900622,1000011,0.564222010728
6__27____2__IT_1,40.4659989509545,-3.68995962029443,1000012,0.660473923969
6__27____2__IT_1,40.4659750023321,-3.68995495424792,1000013,0.759413498834
6__27____2__IT_1,40.4659511701525,-3.68994934457206,1000014,0.861040947359
6__27____2__IT_1,40.4659274796179,-3.68994279506439,1000015,0.965356119846
6__27____2__IT_1,40.4659039514406,-3.68993530711732,1000016,1.072359057747
6__27____2__IT_1,40.4658806062622,-3.68992689391813,1000017,1.182049771421
6__27____2__IT_1,40.4658574647596,-3.6899175627566,1000018,1.294428337586
6__27____2__IT_1,40.4658345503265,-3.68990731859117,1000019,1.409494682025
6__27____2__IT_1,40.4658118818238,-3.68989617105208,1000020,1.527248947988
6__27____2__IT_1,40.4657894807871,-3.6898841345151,1000021,1.647691062765
6__27____2__IT_1,40.4657673688082,-3.68987121392011,1000022,1.770821034577
6__27____2__IT_1,40.4656768990671,-3.68973140200558,1000023,1.909486546975
6__27____2__IT_1,40.4654297988035,-3.68967756752828,1000024,2.075958276183
6__27____2__IT_1,40.4654055342025,-3.68967059473795,1000025,2.245187580052
6__27____2__IT_1,40.465381130977,-3.68966450873298,1000026,2.417174439157
6__27____2__IT_1,40.4653566088964,-3.6896593179715,1000027,2.59191868808
6__27____2__IT_1,40.4650446733502,-3.68965084304302,1000028,2.801296434665
6__27____2__IT_1,40.4650446733502,-3.68965084304302,2000001,2.801296434665
6__27____2__IT_1,40.4647711040684,-3.68965765697443,2000002,2.831669168511
6__27____2__IT_1,40.4644477666669,-3.68968829906454,2000003,2.898027489155
6__27____2__IT_1,40.4638270036545,-3.68974425656731,2000004,3.033456001635
6__27____2__IT_1,40.4627384472473,-3.68986368895896,2000005,3.290141952688
6__27____2__IT_1,40.4619391890629,-3.68990999510394,2000006,3.635635415755
6__27____2__IT_1,40.4616765505212,-3.68992521025414,2000007,4.010311276551
6__27____2__IT_1,40.4616765505212,-3.68992521025414,3000001,4.010311276551
6__27____2__IT_1,40.4595823982892,-3.69012844189406,3000002,4.243407822117
6__27____2__IT_1,40.4586096673899,-3.69023067857516,3000003,4.584828529086
6__27____2__IT_1,40.4582900632335,-3.6902642704571,3000004,4.961840636357
6__27____2__IT_1,40.4582900632335,-3.6902642704571,4000001,4.961840636357
6__27____2__IT_1,40.4582137787162,-3.69026910727864,4000002,4.970318426698
6__27____2__IT_1,40.4569039919546,-3.69035213329048,4000003,5.124357732922
6__27____2__IT_1,40.4568271558684,-3.69035700320994,4000004,5.286936118225
6__27____2__IT_1,40.4567565015066,-3.69036402510282,4000005,5.457379965937
6__27____2__IT_1,40.4567565015066,-3.69036402510282,5000001,5.457379965937
6__27____2__IT_1,40.4565018348113,-3.69037711492042,5000002,5.485670688499
6__27____2__IT_1,40.4564880800185,-3.69039066920987,5000003,5.515872458493
6__27____2__IT_1,40.45522337472,-3.69051621605493,5000004,5.686864204482
6__27____2__IT_1,40.4545790381198,-3.69056708395743,5000005,5.929509609169
6__27____2__IT_1,40.4543671806306,-3.69058478000177,5000006,6.195719791039
6__27____2__IT_1,40.4543671806306,-3.69058478000177,6000001,6.195719791039
6__27____2__IT_1,40.4523837994947,-3.6908622928667,6000002,6.417136328389
6__27____2__IT_1,40.4516835015207,-3.69091508031797,6000003,6.716417237501
6__27____2__IT_1,40.4516030969759,-3.69092114041169,6000004,7.024638122143
6__27____2__IT_1,40.4514630755881,-3.69093169390588,6000005,7.34842762668
6__27____2__IT_1,40.4513136349116,-3.69095843819588,6000006,7.688959891258
6__27____2__IT_1,40.4513136349116,-3.69095843819588,7000001,7.688959891258
6__27____2__IT_1,40.4512084631465,-3.69097725690383,7000002,7.700742896857
6__27____2__IT_1,40.4511248306079,-3.69097202390059,7000003,7.721820014147
6__27____2__IT_1,40.4495318867254,-3.69112958101344,7000004,7.920223655512
6__27____2__IT_1,40.4495234430025,-3.69113041669983,7000005,8.119567255457
6__27____2__IT_1,40.4494581567477,-3.69113687300969,7000006,8.326178514165
6__27____2__IT_1,40.4492972736383,-3.69115638674141,7000007,8.550724873215
6__27____2__IT_1,40.449277769917,-3.69116168465993,7000008,8.777482338865
6__27____2__IT_1,40.4492584447134,-3.69116801390182,7000009,9.006451097136
6__27____2__IT_1,40.4492393296344,-3.69117536181817,7000010,9.23763129876
6__27____2__IT_1,40.4492204625787,-3.69118371818309,7000011,9.471022448753
6__27____2__IT_1,40.4492018661237,-3.69119307379302,7000012,9.706625081111
6__27____2__IT_1,40.4491835773518,-3.69120340426267,7000013,9.944438781955
6__27____2__IT_1,40.4491656224366,-3.6912147016047,7000014,10.184463841479
6__27____2__IT_1,40.4491480330696,-3.69122693902016,7000015,10.426700034533
6__27____2__IT_1,40.4491081568274,-3.69125883160445,7000016,10.674123478768
6__27____2__IT_1,40.4491081568274,-3.69125883160445,8000001,10.674123478768
6__27____2__IT_1,40.4489814174704,-3.69136019576735,8000002,10.690610188966
6__27____2__IT_1,40.448967204808,-3.69137165520682,8000003,10.708949830034
6__27____2__IT_1,40.4489526142932,-3.69138227349562,8000004,10.729142551741
6__27____2__IT_1,40.4489376749011,-3.69139202616664,8000005,10.751188390618
6__27____2__IT_1,40.448922419147,-3.69140089940245,8000006,10.775087322245
6__27____2__IT_1,40.4489068778009,-3.69140886993368,8000007,10.800839085326
6__27____2__IT_1,40.4488910761572,-3.69141592622755,8000008,10.828444147332
6__27____2__IT_1,40.4488750521431,-3.69142205334295,8000009,10.85790226827
6__27____2__IT_1,40.4488588355714,-3.69142723743495,8000010,10.889213390895
6__27____2__IT_1,40.4488424562334,-3.6914314681962,8000011,10.92237773857
6__27____2__IT_1,40.4488259511133,-3.69143473775163,8000012,10.957395074257
6__27____2__IT_1,40.4488093508822,-3.6914370393407,8000013,10.994265402488
6__27____2__IT_1,40.4482083379442,-3.69149581022089,8000014,11.098036199622
6__27____2__IT_1,40.4478214913638,-3.69151647605921,8000015,11.244784082504
6__27____2__IT_1,40.4477127112447,-3.69152205917443,8000016,11.403616221707
6__27____2__IT_1,40.4476461983898,-3.6915197029271,8000017,11.569834226075
6__27____2__IT_1,40.4475336416696,-3.69151520024569,8000018,11.748552257092
6__27____2__IT_1,40.4474717057553,-3.69150058327281,8000019,11.934256245571
6__27____2__IT_1,40.4473380709117,-3.69148640246184,8000020,12.134842839513
6__27____2__IT_1,40.4472741465053,-3.69147904810086,8000021,12.342552623602
6__27____2__IT_1,40.4471336454899,-3.69146071806542,8000022,12.565935789717
6__27____2__IT_1,40.447053715299,-3.69144725406554,8000023,12.798264655399
6__27____2__IT_1,40.4469463651037,-3.69144150659101,8000024,13.042519734347
6__27____2__IT_1,40.4468023242941,-3.69142817101421,8000025,13.302803794525
6__27____2__IT_1,40.4466253000192,-3.69144144616279,8000026,13.582770393384
6__27____2__IT_1,40.4466253000192,-3.69144144616279,9000001,13.582770393384
6__27____2__IT_1,40.4464422425303,-3.69144400757196,9000002,13.603091577774
6__27____2__IT_1,40.4463155502562,-3.69145493530494,9000003,13.637506549647
6__27____2__IT_1,40.4461097658948,-3.69147268428539,9000004,13.694813844558
6__27____2__IT_1,40.4459857146178,-3.69148338309784,9000005,13.765921124497
6__27____2__IT_1,40.4456939263849,-3.69150931855909,9000006,13.869492511888
6__27____2__IT_1,40.4455825252194,-3.69159145074661,9000007,13.987256543593
6__27____2__IT_1,40.4455185324871,-3.69163105148897,9000008,14.11287787934
6__27____2__IT_1,40.445405370556,-3.69164051373237,9000009,14.251086189813
6__27____2__IT_1,40.445405370556,-3.69164051373237,10000001,14.251086189813
6__27____2__IT_1,40.4449938575295,-3.69168008237397,10000002,14.296888660376
6__27____2__IT_1,40.4438418404272,-3.69178979856795,10000003,14.470907100294
6__27____2__IT_1,40.4438418404272,-3.69178979856795,11000001,14.470907100294
6__27____2__IT_1,40.4429694521129,-3.69187356230128,11000002,14.568005430914
6__27____2__IT_1,40.4421443201717,-3.69195118655172,11000003,14.756932528878
6__27____2__IT_1,40.4419872664933,-3.69198709980395,11000004,14.963557191536
6__27____2__IT_1,40.4418299749663,-3.69206274137898,11000005,15.188783005934
6__27____2__IT_1,40.4416543322959,-3.69210508556583,11000006,15.433833744
6__27____2__IT_1,40.4415378301368,-3.69212817015794,11000007,15.691963980594
6__27____2__IT_1,40.4413200948463,-3.69215904564843,11000008,15.974405018
6__27____2__IT_1,40.4412019459291,-3.69217549237393,11000009,16.270034957509
6__27____2__IT_1,40.4409864627489,-3.6921755437324,11000010,16.589584266015
6__27____2__IT_1,40.4409864627489,-3.6921755437324,12000001,16.589584266015
6__27____2__IT_1,40.4409621452356,-3.69217094571979,12000002,16.592311616144
6__27____2__IT_1,40.4408843476224,-3.69214557023871,12000003,16.603938895998
6__27____2__IT_1,40.4408020066272,-3.69211871205699,12000004,16.624985877957
6__27____2__IT_1,40.4405268048337,-3.69193871987896,12000005,16.680183065617
6__27____2__IT_1,40.4403456918108,-3.69187285854634,12000006,16.756245992003
6__27____2__IT_1,40.4400472814055,-3.69176394524498,12000007,16.86669733625
6__27____2__IT_1,40.4395237067184,-3.69156410341957,12000008,17.037688279862
6__27____2__IT_1,40.4390198431593,-3.69137062032055,12000009,17.266967439129
6__27____2__IT_1,40.4388472235332,-3.69129992519313,12000010,17.516324175863
6__27____2__IT_1,40.4386088793589,-3.69121132505903,12000011,17.793184400707
6__27____2__IT_1,40.4385112924043,-3.6911746314289,12000012,18.081315301553
6__27____2__IT_1,40.4384173045838,-3.69116505338943,12000013,18.379910744602
6__27____2__IT_1,40.4383552242683,-3.69116687953225,12000014,18.685399050882
6__27____2__IT_1,40.438287384244,-3.69116497977273,12000015,18.998419550541
6__27____2__IT_1,40.438287384244,-3.69116497977273,13000001,18.998419550541
6__27____2__IT_1,40.4381702528727,-3.69117142297449,13000002,19.011433003984
6__27____2__IT_1,40.4381001907375,-3.69117201541589,13000003,19.03222375101
6__27____2__IT_1,40.4380231079655,-3.69117515466829,13000004,19.061575084993
6__27____2__IT_1,40.4379551607155,-3.69117401077711,13000005,19.098469414694
6__27____2__IT_1,40.4378820463959,-3.69116585159397,13000006,19.143509128209
6__27____2__IT_1,40.4378110695543,-3.69115202651444,13000007,19.196514287886
6__27____2__IT_1,40.4376878790544,-3.69110808176217,13000008,19.263692857698
6__27____2__IT_1,40.4375471651451,-3.69091280470167,13000009,19.353637521015
6__27____2__IT_1,40.437452930776,-3.69075422242381,13000010,19.460621243833
6__27____2__IT_1,40.4373834618314,-3.69067724535328,13000011,19.577708945816
6__27____2__IT_1,40.4363736325344,-3.68998306322521,13000012,19.821413424378
6__27____2__IT_1,40.4357159295862,-3.68952383500713,13000013,20.147865773989
6__27____2__IT_1,40.4354952585296,-3.68939447372391,13000014,20.501158481431
6__27____2__IT_1,40.4354041798188,-3.68935795352014,13000015,20.865025113178
6__27____2__IT_1,40.4353078652889,-3.68934979787104,13000016,21.239605328012
6__27____2__IT_1,40.4352081227402,-3.68933561310733,13000017,21.625322470048
6__27____2__IT_1,40.4351200001973,-3.68932744214149,13000018,22.020846022635
6__27____2__IT_1,40.4350586666174,-3.68931629187367,13000019,22.423243177766
6__27____2__IT_1,40.4349754182982,-3.68926968416165,13000020,22.835691254195
6__27____2__IT_1,40.4349252199209,-3.68921832895133,13000021,23.255212036422
6__27____2__IT_1,40.4348817612928,-3.68916377912383,13000022,23.681417086657
6__27____2__IT_1,40.4348817612928,-3.68916377912383,14000001,23.681417086657
6__27____2__IT_1,40.434785609343,-3.68908451696509,14000002,23.6940311669
6__27____2__IT_1,40.434714492974,-3.68905067256259,14000003,23.715045145158
6__27____2__IT_1,40.4344365878904,-3.68897256677919,14000004,23.767610844663
6__27____2__IT_1,40.4340138620684,-3.68887491904729,14000005,23.867825839779
6__27____2__IT_1,40.4335702176011,-3.68881318809263,14000006,24.017564382119
6__27____2__IT_1,40.4333770521821,-3.68879917480057,14000007,24.188777828378
6__27____2__IT_1,40.4332461206667,-3.68876814368986,14000008,24.374761510075
6__27____2__IT_1,40.4331151786551,-3.68873327736762,14000009,24.575577995071
6__27____2__IT_1,40.4329239812154,-3.68873990836944,14000010,24.797625461691
6__27____2__IT_1,40.4329239812154,-3.68873990836944,15000001,24.797625461691
6__27____2__IT_1,40.4328260841509,-3.68877870706776,15000002,24.808979746705
6__27____2__IT_1,40.4327469070998,-3.68880628655183,15000003,24.829428943317
6__27____2__IT_1,40.4326599697379,-3.68883914639944,15000004,24.859922914424
6__27____2__IT_1,40.4325002704919,-3.68888660441213,15000005,24.908595325178
6__27____2__IT_1,40.4319204445195,-3.68901567719651,15000006,25.022554806206
6__27____2__IT_1,40.4314132531776,-3.68915162341293,15000007,25.193982952047
6__27____2__IT_1,40.4306053973557,-3.68938573905728,15000008,25.457258223127
6__27____2__IT_1,40.4294891055916,-3.68966857101555,15000009,25.846746599257
6__27____2__IT_1,40.4292112317439,-3.68971422819134,15000010,26.267322043641
6__27____2__IT_1,40.4292112317439,-3.68971422819134,16000001,26.267322043641
6__27____2__IT_1,40.4290559674544,-3.68975620747333,16000002,26.284920896541
6__27____2__IT_1,40.4281092008567,-3.69004012439004,16000003,26.410338099932
6__27____2__IT_1,40.4269466669644,-3.69033131266389,16000004,26.667143007977
6__27____2__IT_1,40.4261015826315,-3.69056079484046,16000005,27.01975351536
6__27____2__IT_1,40.4259804010042,-3.69053790809512,16000006,27.385954947412
6__27____2__IT_1,40.4257795979774,-3.6905890042596,16000007,27.774863677873
6__27____2__IT_1,40.4257795979774,-3.6905890042596,17000001,27.774863677873
6__27____2__IT_1,40.4255869149813,-3.69064594540557,17000002,27.796790750335
6__27____2__IT_1,40.4254975462774,-3.69067414531829,17000003,27.828922389399
6__27____2__IT_1,40.4252979441546,-3.6907210068162,17000004,27.883564283295
6__27____2__IT_1,40.4250984783596,-3.69074504706091,17000005,27.960441218541
6__27____2__IT_1,40.4249254969743,-3.69074456595279,17000006,28.056519664873
6__27____2__IT_1,40.4248196185831,-3.69071285311248,17000007,28.164654912817
6__27____2__IT_1,40.4246711672696,-3.69068231636952,17000008,28.289471089317
6__27____2__IT_1,40.4245447175927,-3.69068544473963,17000009,28.428326077818
6__27____2__IT_1,40.4243970817051,-3.69072696895636,17000010,28.583943419388
6__27____2__IT_1,40.4240208899215,-3.69092698997502,17000011,28.784635053106
6__27____2__IT_1,40.4240208899215,-3.69092698997502,18000001,28.784635053106
6__27____2__IT_1,40.4232080880201,-3.69129568356087,18000002,28.880126236387
6__27____2__IT_1,40.4228772905998,-3.69144573363193,18000003,29.014480777465
6__27____2__IT_1,40.4228772905998,-3.69144573363193,19000001,29.014480777465
6__27____2__IT_1,40.4202087913757,-3.69269373629846,19000002,29.329045433292
6__27____2__IT_1,40.4201628414157,-3.69271437768228,19000003,29.64900291362
6__27____2__IT_1,40.4201628414157,-3.69271437768228,20000001,29.64900291362
6__27____2__IT_1,40.420036537064,-3.692771112177,20000002,29.663826282098
6__27____2__IT_1,40.4199833071264,-3.69279502053973,20000003,29.684896785913
6__27____2__IT_1,40.419970580923,-3.6928007389578,20000004,29.707460920164
6__27____2__IT_1,40.4199697326953,-3.6928011192445,20000005,29.730124584359
6__27____2__IT_1,40.4199578601456,-3.69280645389316,20000006,29.754181683484
6__27____2__IT_1,40.4198719511163,-3.69284504305251,20000007,29.788321260294
6__27____2__IT_1,40.4198700965741,-3.69284587508442,20000008,29.82267846277
6__27____2__IT_1,40.4198484107017,-3.6928592895667,20000009,29.859698329485
6__27____2__IT_1,40.4198270538154,-3.69287357969053,20000010,29.899380884319
6__27____2__IT_1,40.4198060493794,-3.69288873862354,20000011,29.941726162655
6__27____2__IT_1,40.4197854155304,-3.69290474651248,20000012,29.986734223011
6__27____2__IT_1,40.4197651784633,-3.69292159183812,20000013,30.034404728279
6__27____2__IT_1,40.4197642835787,-3.692922391278,20000014,30.082195514052
6__27____2__IT_1,40.4197453490797,-3.69293925938811,20000015,30.132529024052
6__27____2__IT_1,40.4196847019229,-3.69308761781164,20000016,30.197136279491
6__27____2__IT_1,40.4196347247537,-3.69317379228276,20000017,30.270920977692
6__27____2__IT_1,40.4195945206288,-3.69324116929737,20000018,30.351957638236
6__27____2__IT_1,40.4195611567464,-3.69328951370959,20000019,30.438520410759
6__27____2__IT_1,40.4195359301958,-3.69335957629436,20000020,30.53165376407
6__27____2__IT_1,40.4195149358286,-3.69341345332967,20000021,30.629917775355
6__27____2__IT_1,40.419434480024,-3.6934854936084,20000022,30.739003708727
6__27____2__IT_1,40.4191189248104,-3.69367546611002,20000023,30.886647277817
6__27____2__IT_1,40.4190906311582,-3.69369736404515,20000024,31.037939861262
6__27____2__IT_1,40.4190795815246,-3.69370547931017,20000025,31.19063901103
6__27____2__IT_1,40.4190619659826,-3.69371841888557,20000026,31.345580622057
6__27____2__IT_1,40.419032944648,-3.69373862253867,20000027,31.504171313366
6__27____2__IT_1,40.4190035798585,-3.69375795981221,20000028,31.666411155366
6__27____2__IT_1,40.4189931923108,-3.69376293463533,20000029,31.829878864337
6__27____2__IT_1,40.4189515472883,-3.69378287301548,20000030,31.998269066511
6__27____2__IT_1,40.4189461976684,-3.69378543367212,20000031,32.167291583496
6__27____2__IT_1,40.418939435726,-3.69378854561236,20000032,32.337109775202
6__27____2__IT_1,40.4189324723568,-3.69379174506656,20000033,32.507747197577
6__27____2__IT_1,40.4189254547739,-3.69379497107407,20000034,32.679210275013
6__27____2__IT_1,40.4189184570661,-3.69379818785522,20000035,32.85149666658
6__27____2__IT_1,40.4188885492223,-3.69381193701065,20000036,33.027301883039
6__27____2__IT_1,40.4188306435719,-3.69383746285058,20000037,33.209889810331
6__27____2__IT_1,40.4187724897404,-3.69386200892938,20000038,33.399260581665
6__27____2__IT_1,40.4187140976802,-3.69388556827919,20000039,33.595414230692
6__27____2__IT_1,40.4186554809258,-3.69390813750523,20000040,33.798350404588
6__27____2__IT_1,40.4185966439678,-3.69392971901342,20000041,34.008069457599
6__27____2__IT_1,40.4180692883418,-3.69405527048262,20000042,34.277287798104
6__27____2__IT_1,40.4180692883418,-3.69405527048262,21000001,34.277287798104
6__27____2__IT_1,40.4178284585555,-3.69412340537042,21000002,34.304638474726
6__27____2__IT_1,40.4163477036279,-3.69454230598255,21000003,34.500155792915
6__27____2__IT_1,40.4154995373617,-3.69477076556355,21000004,34.791796670625
6__27____2__IT_1,40.4151647536238,-3.69466331865431,21000005,35.121701349801
6__27____2__IT_1,40.4151647536238,-3.69466331865431,22000001,35.121701349801
6__27____2__IT_1,40.4149445419028,-3.69458593646877,22000002,35.147011850163
6__27____2__IT_1,40.4147777413356,-3.69443398314841,22000003,35.19488409783
6__27____2__IT_1,40.4146592417261,-3.69432297746145,22000004,35.258934289865
6__27____2__IT_1,40.4141750657508,-3.69410420863923,22000005,35.379844375819
6__27____2__IT_1,40.4127778053198,-3.69351779069988,22000006,35.663639687352
6__27____2__IT_1,40.4124519812846,-3.69340798317148,22000007,35.984783166018
6__27____2__IT_1,40.4124519812846,-3.69340798317148,23000001,35.984783166018
6__27____2__IT_1,40.4124092844942,-3.6933935935711,23000002,35.989677366351
6__27____2__IT_1,40.4115043919167,-3.69311079616169,23000003,36.097843468124
6__27____2__IT_1,40.4098628456368,-3.6925853601748,23000004,36.393600704882
6__27____2__IT_1,40.4098628456368,-3.6925853601748,24000001,36.393600704882
6__27____2__IT_1,40.4090454397536,-3.69229618474771,24000002,36.487594227673
6__27____2__IT_1,40.4089972950817,-3.69228690052173,24000003,36.586989695192
6__27____2__IT_1,40.4089435478693,-3.69228766505252,24000004,36.692351606519
6__27____2__IT_1,40.4088862486298,-3.69230824954538,24000005,36.804309358597
6__27____2__IT_1,40.4088387153483,-3.69235423654295,24000006,36.922829574713
6__27____2__IT_1,40.408792312934,-3.69238904937924,24000007,37.047287508396
6__27____2__IT_1,40.4087426020137,-3.69241805686926,24000008,37.177787554474
6__27____2__IT_1,40.4086641344047,-3.69247966776917,24000009,37.318446162656
6__27____2__IT_1,40.4082164694497,-3.69283116919439,24000010,37.517060607393
6__27____2__IT_1,40.407855850914,-3.69317813307112,24000011,37.765365529396
6__27____2__IT_1,40.4077403936796,-3.69333947727587,24000012,38.032423698994
6__27____2__IT_1,40.4076310660024,-3.69357846811146,24000013,38.323114919451
6__27____2__IT_1,40.4076170311917,-3.69367676484824,24000014,38.622291216549
6__27____2__IT_1,40.4076170311917,-3.69367676484824,25000001,38.622291216549
6__27____2__IT_1,40.4076102660996,-3.69369106175181,25000002,38.623717973347
6__27____2__IT_1,40.4075410649839,-3.69383727336098,25000003,38.639736822574
6__27____2__IT_1,40.4072996878096,-3.6946887547047,25000004,38.732815189312
6__27____2__IT_1,40.4068627995955,-3.6962524472811,25000005,38.967164310286
6__27____2__IT_1,40.4063180564352,-3.69820203198855,25000006,39.377649984137
6__27____2__IT_1,40.4061426134275,-3.6988040019396,25000007,39.8428025557
6__27____2__IT_1,40.4061426134275,-3.6988040019396,26000001,39.8428025557
6__27____2__IT_1,40.4053966682268,-3.70154636463473,26000002,40.089800962168
6__27____2__IT_1,40.4053023502795,-3.70188056258419,26000003,40.367029118121
6__27____2__IT_1,40.4052339468628,-3.70212292719249,26000004,40.666180406497
6__27____2__IT_1,40.4052543646523,-3.70218410526568,26000005,40.970996235101
6__27____2__IT_1,40.4052708350164,-3.70226391089601,26000006,41.282826550663
6__27____2__IT_1,40.4052872799216,-3.70234775029119,26000007,41.602001651299
6__27____2__IT_1,40.4052935674941,-3.7024104585909,26000008,41.926543542063
6__27____2__IT_1,40.405293872084,-3.702411927806,26000009,42.251214608677
